 decade | number_of_titles | number_of_movies 
--------+------------------+------------------
   2030 |               13 |                3
   2020 |          2442560 |           105831
   2010 |          3845455 |           168277
   2000 |          1626655 |            78266
   1990 |           751988 |            45959
   1980 |           463499 |            44193
   1970 |           397281 |            40484
   1960 |           324164 |            31862
   1950 |           164342 |            23858
   1940 |            29566 |            14720
   1930 |            32760 |            20569
   1920 |            36934 |            22093
   1910 |            72576 |            12992
   1900 |            25769 |              184
   1890 |             6091 |               19
   1880 |               80 |                1
   1870 |               32 |                0
(17 rows)

 startyear | number_of_titles | number_of_movies 
-----------+------------------+------------------
      2010 |           264160 |            12964
      2011 |           296866 |            13912
      2012 |           336950 |            14977
      2013 |           361437 |            15639
      2014 |           383301 |            16854
      2015 |           403899 |            17461
      2016 |           429200 |            18634
      2017 |           453510 |            19116
      2018 |           459715 |            19378
      2019 |           456417 |            19342
(10 rows)

